0    0    0.02    0    0    0    0.01    0.01    0.02    0.03    0.05    0.05    0.07    0.15    0.14    0.22    0.36    0.45    0.73    0.92    
0    0.02    0    0    0    0.02    0.03    0.03    0.03    0.05    0.05    0.07    0.12    0.11    0.18    0.29    0.44    0.61    0.81    1.33    
0.01    0.01    0.01    0.02    0    0    0.02    0.03    0.04    0.05    0.05    0.08    0.16    0.25    0.42    0.41    0.75    0.96    1.04    1.57    
0.01    0    0    0    0    0.02    0.03    0.07    0.11    0.07    0.11    0.1    0.18    0.29    0.31    0.59    0.8    0.87    1.34    1.94    
0.01    0    0.01    0    0.02    0.02    0.03    0.03    0.02    0.04    0.11    0.16    0.23    0.36    0.54    0.62    0.97    1.22    1.67    2.54    
0.01    0    0.02    0.02    0.01    0.02    0.02    0.03    0.07    0.11    0.18    0.18    0.26    0.54    0.59    0.68    1.19    1.65    2    3.19    
0.02    0.01    0    0.02    0.03    0.05    0.03    0.05    0.06    0.12    0.22    0.23    0.33    0.61    0.71    0.93    1.43    1.88    2.28    3.5    
0    0.01    0.03    0.01    0.04    0.01    0.06    0.04    0.13    0.16    0.32    0.36    0.28    0.64    0.85    1.02    1.99    2.2    3.14    4.71    
0.01    0.01    0    0.04    0.02    0.05    0.05    0.09    0.11    0.23    0.25    0.32    0.48    0.78    1.07    1.35    2.14    3.1    3.85    5.49    
0.01    0.02    0.01    0.03    0.04    0.07    0.07    0.11    0.24    0.32    0.4    0.47    0.7    1    1.44    1.88    2.54    3.69    5.12    6.81    
0.04    0.02    0.01    0.02    0.05    0.09    0.12    0.13    0.18    0.33    0.35    0.75    0.8    1.26    1.8    2.38    3.35    4.56    5.94    8.13    
0.01    0.01    0.02    0.06    0.06    0.08    0.11    0.13    0.23    0.49    0.68    0.79    1.11    1.44    2.03    2.98    3.86    5.65    6.81    8.62    
0.02    0.05    0.02    0.09    0.08    0.16    0.17    0.21    0.42    0.5    0.75    0.89    1.42    1.78    2.79    3.7    4.6    7    8.4    10.75    
0.03    0.06    0.1    0.1    0.03    0.18    0.17    0.27    0.49    0.53    0.88    1.04    1.7    2.21    3.37    4.06    6.11    7.76    10.38    12.79    
0.02    0.02    0.06    0.12    0.12    0.23    0.36    0.46    0.52    0.85    1.07    1.37    2.14    2.86    4.18    5.26    7.26    9.72    11.74    15.11    
0.04    0.05    0.14    0.11    0.16    0.24    0.44    0.53    0.65    0.99    1.56    1.88    2.73    3.73    4.85    6.55    8.25    11.24    13.27    17.1    
0.02    0.02    0.05    0.07    0.11    0.14    0.15    0.23    0.4    0.59    0.74    0.93    1.59    2.02    2.86    4.44    5.87    7.55    10.07    13.81    
0.09    0.1    0.09    0.18    0.21    0.49    0.73    0.94    1.11    1.81    2.09    2.91    3.73    5.61    7.2    9.9    11.39    14.44    18.34    21.62    
0.1    0.14    0.18    0.23    0.37    0.6    0.79    1.06    1.49    1.71    2.79    3.83    5.07    6.74    8.33    11.16    13.74    17.05    20.38    23.62    
0.11    0.1    0.26    0.47    0.48    0.64    0.98    1.37    1.74    2.28    3.29    4.61    5.87    8.1    10.16    12.27    16.68    19.82    22.91    26.46    
