1e-06    1.41254e-06    1.99526e-06    2.81838e-06    3.98107e-06    5.62341e-06    7.94328e-06    1.12202e-05    1.58489e-05    2.23872e-05    3.16228e-05    4.46684e-05    6.30957e-05    8.91251e-05    0.000125893    0.000177828    0.000251189    0.000354813    0.000501187    0.000707946    
1e-06    1.41254e-06    1.99526e-06    2.81838e-06    3.98107e-06    5.62341e-06    7.94328e-06    1.12202e-05    1.58489e-05    2.23872e-05    3.16228e-05    4.46684e-05    6.30957e-05    8.91251e-05    0.000125893    0.000177828    0.000251189    0.000354813    0.000501187    0.000707946    
1e-06    1.41254e-06    1.99526e-06    2.81838e-06    3.98107e-06    5.62341e-06    7.94328e-06    1.12202e-05    1.58489e-05    2.23872e-05    3.16228e-05    4.46684e-05    6.30957e-05    8.91251e-05    0.000125893    0.000177828    0.000251189    0.000354813    0.000501187    0.000707946    
1e-06    1.41254e-06    1.99526e-06    2.81838e-06    3.98107e-06    5.62341e-06    7.94328e-06    1.12202e-05    1.58489e-05    2.23872e-05    3.16228e-05    4.46684e-05    6.30957e-05    8.91251e-05    0.000125893    0.000177828    0.000251189    0.000354813    0.000501187    0.000707946    
1e-06    1.41254e-06    1.99526e-06    2.81838e-06    3.98107e-06    5.62341e-06    7.94328e-06    1.12202e-05    1.58489e-05    2.23872e-05    3.16228e-05    4.46684e-05    6.30957e-05    8.91251e-05    0.000125893    0.000177828    0.000251189    0.000354813    0.000501187    0.000707946    
1e-06    1.41254e-06    1.99526e-06    2.81838e-06    3.98107e-06    5.62341e-06    7.94328e-06    1.12202e-05    1.58489e-05    2.23872e-05    3.16228e-05    4.46684e-05    6.30957e-05    8.91251e-05    0.000125893    0.000177828    0.000251189    0.000354813    0.000501187    0.000707946    
1e-06    1.41254e-06    1.99526e-06    2.81838e-06    3.98107e-06    5.62341e-06    7.94328e-06    1.12202e-05    1.58489e-05    2.23872e-05    3.16228e-05    4.46684e-05    6.30957e-05    8.91251e-05    0.000125893    0.000177828    0.000251189    0.000354813    0.000501187    0.000707946    
1e-06    1.41254e-06    1.99526e-06    2.81838e-06    3.98107e-06    5.62341e-06    7.94328e-06    1.12202e-05    1.58489e-05    2.23872e-05    3.16228e-05    4.46684e-05    6.30957e-05    8.91251e-05    0.000125893    0.000177828    0.000251189    0.000354813    0.000501187    0.000707946    
1e-06    1.41254e-06    1.99526e-06    2.81838e-06    3.98107e-06    5.62341e-06    7.94328e-06    1.12202e-05    1.58489e-05    2.23872e-05    3.16228e-05    4.46684e-05    6.30957e-05    8.91251e-05    0.000125893    0.000177828    0.000251189    0.000354813    0.000501187    0.000707946    
1e-06    1.41254e-06    1.99526e-06    2.81838e-06    3.98107e-06    5.62341e-06    7.94328e-06    1.12202e-05    1.58489e-05    2.23872e-05    3.16228e-05    4.46684e-05    6.30957e-05    8.91251e-05    0.000125893    0.000177828    0.000251189    0.000354813    0.000501187    0.000707946    
1e-06    1.41254e-06    1.99526e-06    2.81838e-06    3.98107e-06    5.62341e-06    7.94328e-06    1.12202e-05    1.58489e-05    2.23872e-05    3.16228e-05    4.46684e-05    6.30957e-05    8.91251e-05    0.000125893    0.000177828    0.000251189    0.000354813    0.000501187    0.000707946    
1e-06    1.41254e-06    1.99526e-06    2.81838e-06    3.98107e-06    5.62341e-06    7.94328e-06    1.12202e-05    1.58489e-05    2.23872e-05    3.16228e-05    4.46684e-05    6.30957e-05    8.91251e-05    0.000125893    0.000177828    0.000251189    0.000354813    0.000501187    0.000707946    
1e-06    1.41254e-06    1.99526e-06    2.81838e-06    3.98107e-06    5.62341e-06    7.94328e-06    1.12202e-05    1.58489e-05    2.23872e-05    3.16228e-05    4.46684e-05    6.30957e-05    8.91251e-05    0.000125893    0.000177828    0.000251189    0.000354813    0.000501187    0.000707946    
1e-06    1.41254e-06    1.99526e-06    2.81838e-06    3.98107e-06    5.62341e-06    7.94328e-06    1.12202e-05    1.58489e-05    2.23872e-05    3.16228e-05    4.46684e-05    6.30957e-05    8.91251e-05    0.000125893    0.000177828    0.000251189    0.000354813    0.000501187    0.000707946    
1e-06    1.41254e-06    1.99526e-06    2.81838e-06    3.98107e-06    5.62341e-06    7.94328e-06    1.12202e-05    1.58489e-05    2.23872e-05    3.16228e-05    4.46684e-05    6.30957e-05    8.91251e-05    0.000125893    0.000177828    0.000251189    0.000354813    0.000501187    0.000707946    
1e-06    1.41254e-06    1.99526e-06    2.81838e-06    3.98107e-06    5.62341e-06    7.94328e-06    1.12202e-05    1.58489e-05    2.23872e-05    3.16228e-05    4.46684e-05    6.30957e-05    8.91251e-05    0.000125893    0.000177828    0.000251189    0.000354813    0.000501187    0.000707946    
1e-06    1.41254e-06    1.99526e-06    2.81838e-06    3.98107e-06    5.62341e-06    7.94328e-06    1.12202e-05    1.58489e-05    2.23872e-05    3.16228e-05    4.46684e-05    6.30957e-05    8.91251e-05    0.000125893    0.000177828    0.000251189    0.000354813    0.000501187    0.000707946    
1e-06    1.41254e-06    1.99526e-06    2.81838e-06    3.98107e-06    5.62341e-06    7.94328e-06    1.12202e-05    1.58489e-05    2.23872e-05    3.16228e-05    4.46684e-05    6.30957e-05    8.91251e-05    0.000125893    0.000177828    0.000251189    0.000354813    0.000501187    0.000707946    
1e-06    1.41254e-06    1.99526e-06    2.81838e-06    3.98107e-06    5.62341e-06    7.94328e-06    1.12202e-05    1.58489e-05    2.23872e-05    3.16228e-05    4.46684e-05    6.30957e-05    8.91251e-05    0.000125893    0.000177828    0.000251189    0.000354813    0.000501187    0.000707946    
1e-06    1.41254e-06    1.99526e-06    2.81838e-06    3.98107e-06    5.62341e-06    7.94328e-06    1.12202e-05    1.58489e-05    2.23872e-05    3.16228e-05    4.46684e-05    6.30957e-05    8.91251e-05    0.000125893    0.000177828    0.000251189    0.000354813    0.000501187    0.000707946    
