nan    nan    0    nan    nan    nan    0    100    0    33.3333    0    20    0    6.66667    14.2857    4.54545    5.55556    4.44444    4.10959    3.26087    
nan    100    nan    nan    nan    0    33.3333    0    33.3333    20    20    14.2857    16.6667    0    22.2222    6.89655    6.81818    3.27869    2.46914    2.25564    
0    100    100    50    nan    nan    100    66.6667    0    40    20    12.5    6.25    12    11.9048    2.43902    4    5.20833    2.88462    0.636943    
0    nan    nan    nan    nan    0    33.3333    57.1429    45.4545    28.5714    9.09091    0    27.7778    6.89655    6.45161    8.47458    1.25    2.29885    1.49254    1.03093    
0    nan    0    nan    0    50    0    66.6667    50    25    36.3636    6.25    21.7391    13.8889    7.40741    4.83871    3.09278    4.09836    1.1976    1.5748    
0    nan    0    50    0    0    50    33.3333    14.2857    36.3636    11.1111    38.8889    0    20.3704    3.38983    0    6.72269    1.21212    2    1.25392    
50    0    nan    0    0    20    33.3333    20    33.3333    8.33333    36.3636    26.087    21.2121    14.7541    5.6338    9.67742    1.3986    1.59574    1.31579    0.857143    
nan    100    0    0    50    100    66.6667    25    23.0769    18.75    25    16.6667    10.7143    6.25    5.88235    5.88235    2.01005    3.18182    1.59236    1.4862    
0    0    nan    25    50    40    40    22.2222    18.1818    34.7826    24    6.25    4.16667    17.9487    12.1495    2.22222    4.20561    4.83871    1.55844    1.63934    
0    50    0    0    25    42.8571    0    27.2727    37.5    18.75    25    19.1489    11.4286    8    6.25    5.31915    1.5748    2.43902    2.14844    1.46843    
50    0    100    50    80    11.1111    50    53.8462    33.3333    24.2424    22.8571    24    12.5    11.1111    10    5.46218    3.58209    4.16667    1.17845    1.72202    
0    0    50    0    33.3333    25    63.6364    7.69231    26.087    26.5306    27.9412    20.2532    10.8108    14.5833    7.38916    4.36242    5.18135    2.83186    2.0558    1.50812    
100    60    100    11.1111    62.5    43.75    35.2941    14.2857    23.8095    26    22.6667    13.4831    18.3099    7.30337    3.94265    4.59459    1.52174    2.14286    2.02381    1.48837    
66.6667    33.3333    30    50    33.3333    38.8889    47.0588    44.4444    32.6531    24.5283    25    13.4615    10.5882    6.33484    8.01187    4.92611    3.43699    1.93299    2.2158    0.703675    
50    50    50    25    41.6667    39.1304    44.4444    50    40.3846    23.5294    17.757    19.708    7.94393    10.8392    5.02392    6.27376    4.13223    2.46914    1.53322    1.7869    
75    40    50    63.6364    37.5    37.5    34.0909    35.8491    24.6154    24.2424    19.8718    14.8936    11.3553    9.65147    9.48454    5.19084    3.75758    1.42349    1.20573    1.57895    
50    50    60    28.5714    45.4545    42.8571    33.3333    39.1304    22.5    25.4237    22.973    11.828    9.43396    12.3762    6.64336    4.72973    4.4293    2.51656    1.9861    2.09993    
88.8889    50    44.4444    38.8889    28.5714    40.8163    38.3562    34.0426    27.027    29.2818    19.1388    21.6495    13.6729    10.8734    8.33333    5.05051    4.03863    3.3241    2.01745    1.80389    
70    42.8571    66.6667    34.7826    40.5405    48.3333    31.6456    25.4717    32.8859    22.807    24.0143    18.5379    15.7791    9.49555    8.64346    7.25806    3.78457    3.34311    2.40432    1.31245    
72.7273    40    42.3077    59.5745    54.1667    32.8125    39.7959    31.3869    26.4368    21.0526    21.5805    17.7874    13.1175    11.2346    7.18504    5.37897    4.13669    2.67407    1.96421    1.88964    
