0.001    0.001    0.001    0.001    0.001    0.001    0.001    0.001    0.001    0.001    0.001    0.001    0.001    0.001    0.001    0.001    0.001    0.001    0.001    0.001    
0.00125893    0.00125893    0.00125893    0.00125893    0.00125893    0.00125893    0.00125893    0.00125893    0.00125893    0.00125893    0.00125893    0.00125893    0.00125893    0.00125893    0.00125893    0.00125893    0.00125893    0.00125893    0.00125893    0.00125893    
0.00158489    0.00158489    0.00158489    0.00158489    0.00158489    0.00158489    0.00158489    0.00158489    0.00158489    0.00158489    0.00158489    0.00158489    0.00158489    0.00158489    0.00158489    0.00158489    0.00158489    0.00158489    0.00158489    0.00158489    
0.00199526    0.00199526    0.00199526    0.00199526    0.00199526    0.00199526    0.00199526    0.00199526    0.00199526    0.00199526    0.00199526    0.00199526    0.00199526    0.00199526    0.00199526    0.00199526    0.00199526    0.00199526    0.00199526    0.00199526    
0.00251189    0.00251189    0.00251189    0.00251189    0.00251189    0.00251189    0.00251189    0.00251189    0.00251189    0.00251189    0.00251189    0.00251189    0.00251189    0.00251189    0.00251189    0.00251189    0.00251189    0.00251189    0.00251189    0.00251189    
0.00316228    0.00316228    0.00316228    0.00316228    0.00316228    0.00316228    0.00316228    0.00316228    0.00316228    0.00316228    0.00316228    0.00316228    0.00316228    0.00316228    0.00316228    0.00316228    0.00316228    0.00316228    0.00316228    0.00316228    
0.00398107    0.00398107    0.00398107    0.00398107    0.00398107    0.00398107    0.00398107    0.00398107    0.00398107    0.00398107    0.00398107    0.00398107    0.00398107    0.00398107    0.00398107    0.00398107    0.00398107    0.00398107    0.00398107    0.00398107    
0.00501187    0.00501187    0.00501187    0.00501187    0.00501187    0.00501187    0.00501187    0.00501187    0.00501187    0.00501187    0.00501187    0.00501187    0.00501187    0.00501187    0.00501187    0.00501187    0.00501187    0.00501187    0.00501187    0.00501187    
0.00630957    0.00630957    0.00630957    0.00630957    0.00630957    0.00630957    0.00630957    0.00630957    0.00630957    0.00630957    0.00630957    0.00630957    0.00630957    0.00630957    0.00630957    0.00630957    0.00630957    0.00630957    0.00630957    0.00630957    
0.00794328    0.00794328    0.00794328    0.00794328    0.00794328    0.00794328    0.00794328    0.00794328    0.00794328    0.00794328    0.00794328    0.00794328    0.00794328    0.00794328    0.00794328    0.00794328    0.00794328    0.00794328    0.00794328    0.00794328    
0.01    0.01    0.01    0.01    0.01    0.01    0.01    0.01    0.01    0.01    0.01    0.01    0.01    0.01    0.01    0.01    0.01    0.01    0.01    0.01    
0.0125893    0.0125893    0.0125893    0.0125893    0.0125893    0.0125893    0.0125893    0.0125893    0.0125893    0.0125893    0.0125893    0.0125893    0.0125893    0.0125893    0.0125893    0.0125893    0.0125893    0.0125893    0.0125893    0.0125893    
0.0158489    0.0158489    0.0158489    0.0158489    0.0158489    0.0158489    0.0158489    0.0158489    0.0158489    0.0158489    0.0158489    0.0158489    0.0158489    0.0158489    0.0158489    0.0158489    0.0158489    0.0158489    0.0158489    0.0158489    
0.0199526    0.0199526    0.0199526    0.0199526    0.0199526    0.0199526    0.0199526    0.0199526    0.0199526    0.0199526    0.0199526    0.0199526    0.0199526    0.0199526    0.0199526    0.0199526    0.0199526    0.0199526    0.0199526    0.0199526    
0.0251189    0.0251189    0.0251189    0.0251189    0.0251189    0.0251189    0.0251189    0.0251189    0.0251189    0.0251189    0.0251189    0.0251189    0.0251189    0.0251189    0.0251189    0.0251189    0.0251189    0.0251189    0.0251189    0.0251189    
0.0316228    0.0316228    0.0316228    0.0316228    0.0316228    0.0316228    0.0316228    0.0316228    0.0316228    0.0316228    0.0316228    0.0316228    0.0316228    0.0316228    0.0316228    0.0316228    0.0316228    0.0316228    0.0316228    0.0316228    
0.0398107    0.0398107    0.0398107    0.0398107    0.0398107    0.0398107    0.0398107    0.0398107    0.0398107    0.0398107    0.0398107    0.0398107    0.0398107    0.0398107    0.0398107    0.0398107    0.0398107    0.0398107    0.0398107    0.0398107    
0.0501187    0.0501187    0.0501187    0.0501187    0.0501187    0.0501187    0.0501187    0.0501187    0.0501187    0.0501187    0.0501187    0.0501187    0.0501187    0.0501187    0.0501187    0.0501187    0.0501187    0.0501187    0.0501187    0.0501187    
0.0630957    0.0630957    0.0630957    0.0630957    0.0630957    0.0630957    0.0630957    0.0630957    0.0630957    0.0630957    0.0630957    0.0630957    0.0630957    0.0630957    0.0630957    0.0630957    0.0630957    0.0630957    0.0630957    0.0630957    
0.0794328    0.0794328    0.0794328    0.0794328    0.0794328    0.0794328    0.0794328    0.0794328    0.0794328    0.0794328    0.0794328    0.0794328    0.0794328    0.0794328    0.0794328    0.0794328    0.0794328    0.0794328    0.0794328    0.0794328    
